{"project":{"vr":false,"lightIntensity":0.6,"lightHeight":640,"lightRadius":1031,"lightPosition":140,"shadowDarkness":0.72,"ambient":0.65},"camera":{"metadata":{"version":4.4,"type":"Object","generator":"Object3D.toJSON"},"object":{"uuid":"5A7E4C99-3666-49BF-8DEA-1D8704B79A3B","type":"PerspectiveCamera","matrix":[0.8990336656570435,3.040268703458082e-9,-0.4378795325756073,0,-0.3137155771255493,0.6976460218429565,-0.6441060304641724,0,0.30548492074012756,0.7164426445960999,0.6272072196006775,0,183.92909240722656,371.12664794921875,442.567138671875,1],"zoom":1,"fov":35,"aspect":1.3303437967115097,"near":4,"far":50000},"controlsCenter":{"x":-10.955369450376372,"y":-85.92879146702147,"z":42.43951819780138}},"stage":{"metadata":{"version":4.3,"type":"Object","generator":"ObjectExporter"},"geometries":[{"uuid":"7E1C22CA-CBE5-404F-8308-61C6ED70AABB","type":"Geometry","data":{"vertices":[-10.355337721290377,-10.355337721290377,-24.999998230487233,10.355337721290377,-10.355337721290377,-24.999998230487233,10.355337721290377,-10.355337721290377,-24.999998230487233,10.355337721290377,10.355337721290377,-24.999998230487233,10.355337721290377,10.355337721290377,-24.999998230487233,-10.355337721290377,10.355337721290377,-24.999998230487233,-10.355337721290377,10.355337721290377,-24.999998230487233,-10.355337721290377,-10.355337721290377,-24.999998230487233,-2071.07120904502,-2071.07120904502,-5000.008493676309,2071.07120904502,-2071.07120904502,-5000.008493676309,2071.07120904502,-2071.07120904502,-5000.008493676309,2071.07120904502,2071.07120904502,-5000.008493676309,2071.07120904502,2071.07120904502,-5000.008493676309,-2071.07120904502,2071.07120904502,-5000.008493676309,-2071.07120904502,2071.07120904502,-5000.008493676309,-2071.07120904502,-2071.07120904502,-5000.008493676309,-10.355337721290377,-10.355337721290377,-24.999998230487233,-2071.07120904502,-2071.07120904502,-5000.008493676309,10.355337721290377,-10.355337721290377,-24.999998230487233,2071.07120904502,-2071.07120904502,-5000.008493676309,-10.355337721290377,10.355337721290377,-24.999998230487233,-2071.07120904502,2071.07120904502,-5000.008493676309,10.355337721290377,10.355337721290377,-24.999998230487233,2071.07120904502,2071.07120904502,-5000.008493676309,0,0,0,-10.355337721290377,-10.355337721290377,-24.999998230487233,0,0,0,10.355337721290377,-10.355337721290377,-24.999998230487233,0,0,0,-10.355337721290377,10.355337721290377,-24.999998230487233,0,0,0,10.355337721290377,10.355337721290377,-24.999998230487233,7.248736404903264,11.390871493419416,-24.999998230487233,-7.248736404903264,11.390871493419416,-24.999998230487233,-7.248736404903264,11.390871493419416,-24.999998230487233,0,20.710675442580754,-24.999998230487233,0,20.710675442580754,-24.999998230487233,7.248736404903264,11.390871493419416,-24.999998230487233,0,0,-24.999998230487233,0,0,-5000.008493676309,0,0,0,0,0,-24.999998230487233,-10.355337721290377,0,-24.999998230487233,10.355337721290377,0,-24.999998230487233,0,-10.355337721290377,-24.999998230487233,0,10.355337721290377,-24.999998230487233,-2071.07120904502,0,-5000.008493676309,2071.07120904502,0,-5000.008493676309,0,-2071.07120904502,-5000.008493676309,0,2071.07120904502,-5000.008493676309],"normals":[],"faces":[]}},{"uuid":"BFEC217D-0127-44EC-886B-298C1CFE75DC","type":"Geometry","data":{"vertices":[-10.355337721290377,-10.355337721290377,-24.999998230487233,10.355337721290377,-10.355337721290377,-24.999998230487233,10.355337721290377,-10.355337721290377,-24.999998230487233,10.355337721290377,10.355337721290377,-24.999998230487233,10.355337721290377,10.355337721290377,-24.999998230487233,-10.355337721290377,10.355337721290377,-24.999998230487233,-10.355337721290377,10.355337721290377,-24.999998230487233,-10.355337721290377,-10.355337721290377,-24.999998230487233,-2071.07120904502,-2071.07120904502,-5000.008493676309,2071.07120904502,-2071.07120904502,-5000.008493676309,2071.07120904502,-2071.07120904502,-5000.008493676309,2071.07120904502,2071.07120904502,-5000.008493676309,2071.07120904502,2071.07120904502,-5000.008493676309,-2071.07120904502,2071.07120904502,-5000.008493676309,-2071.07120904502,2071.07120904502,-5000.008493676309,-2071.07120904502,-2071.07120904502,-5000.008493676309,-10.355337721290377,-10.355337721290377,-24.999998230487233,-2071.07120904502,-2071.07120904502,-5000.008493676309,10.355337721290377,-10.355337721290377,-24.999998230487233,2071.07120904502,-2071.07120904502,-5000.008493676309,-10.355337721290377,10.355337721290377,-24.999998230487233,-2071.07120904502,2071.07120904502,-5000.008493676309,10.355337721290377,10.355337721290377,-24.999998230487233,2071.07120904502,2071.07120904502,-5000.008493676309,0,0,0,-10.355337721290377,-10.355337721290377,-24.999998230487233,0,0,0,10.355337721290377,-10.355337721290377,-24.999998230487233,0,0,0,-10.355337721290377,10.355337721290377,-24.999998230487233,0,0,0,10.355337721290377,10.355337721290377,-24.999998230487233,7.248736404903264,11.390871493419416,-24.999998230487233,-7.248736404903264,11.390871493419416,-24.999998230487233,-7.248736404903264,11.390871493419416,-24.999998230487233,0,20.710675442580754,-24.999998230487233,0,20.710675442580754,-24.999998230487233,7.248736404903264,11.390871493419416,-24.999998230487233,0,0,-24.999998230487233,0,0,-5000.008493676309,0,0,0,0,0,-24.999998230487233,-10.355337721290377,0,-24.999998230487233,10.355337721290377,0,-24.999998230487233,0,-10.355337721290377,-24.999998230487233,0,10.355337721290377,-24.999998230487233,-2071.07120904502,0,-5000.008493676309,2071.07120904502,0,-5000.008493676309,0,-2071.07120904502,-5000.008493676309,0,2071.07120904502,-5000.008493676309],"normals":[],"faces":[]}},{"uuid":"19A1BCEA-AE02-42A3-A27B-B4AF5023ECF1","type":"Geometry","data":{"vertices":[-10.355337721290377,-10.355337721290377,-24.999998230487233,10.355337721290377,-10.355337721290377,-24.999998230487233,10.355337721290377,-10.355337721290377,-24.999998230487233,10.355337721290377,10.355337721290377,-24.999998230487233,10.355337721290377,10.355337721290377,-24.999998230487233,-10.355337721290377,10.355337721290377,-24.999998230487233,-10.355337721290377,10.355337721290377,-24.999998230487233,-10.355337721290377,-10.355337721290377,-24.999998230487233,-2071.07120904502,-2071.07120904502,-5000.008493676309,2071.07120904502,-2071.07120904502,-5000.008493676309,2071.07120904502,-2071.07120904502,-5000.008493676309,2071.07120904502,2071.07120904502,-5000.008493676309,2071.07120904502,2071.07120904502,-5000.008493676309,-2071.07120904502,2071.07120904502,-5000.008493676309,-2071.07120904502,2071.07120904502,-5000.008493676309,-2071.07120904502,-2071.07120904502,-5000.008493676309,-10.355337721290377,-10.355337721290377,-24.999998230487233,-2071.07120904502,-2071.07120904502,-5000.008493676309,10.355337721290377,-10.355337721290377,-24.999998230487233,2071.07120904502,-2071.07120904502,-5000.008493676309,-10.355337721290377,10.355337721290377,-24.999998230487233,-2071.07120904502,2071.07120904502,-5000.008493676309,10.355337721290377,10.355337721290377,-24.999998230487233,2071.07120904502,2071.07120904502,-5000.008493676309,0,0,0,-10.355337721290377,-10.355337721290377,-24.999998230487233,0,0,0,10.355337721290377,-10.355337721290377,-24.999998230487233,0,0,0,-10.355337721290377,10.355337721290377,-24.999998230487233,0,0,0,10.355337721290377,10.355337721290377,-24.999998230487233,7.248736404903264,11.390871493419416,-24.999998230487233,-7.248736404903264,11.390871493419416,-24.999998230487233,-7.248736404903264,11.390871493419416,-24.999998230487233,0,20.710675442580754,-24.999998230487233,0,20.710675442580754,-24.999998230487233,7.248736404903264,11.390871493419416,-24.999998230487233,0,0,-24.999998230487233,0,0,-5000.008493676309,0,0,0,0,0,-24.999998230487233,-10.355337721290377,0,-24.999998230487233,10.355337721290377,0,-24.999998230487233,0,-10.355337721290377,-24.999998230487233,0,10.355337721290377,-24.999998230487233,-2071.07120904502,0,-5000.008493676309,2071.07120904502,0,-5000.008493676309,0,-2071.07120904502,-5000.008493676309,0,2071.07120904502,-5000.008493676309],"normals":[],"faces":[]}},{"uuid":"625F95AB-567B-427A-96E7-8203686F1DE1","type":"Geometry","data":{"vertices":[-10.355337721290377,-10.355337721290377,-24.999998230487233,10.355337721290377,-10.355337721290377,-24.999998230487233,10.355337721290377,-10.355337721290377,-24.999998230487233,10.355337721290377,10.355337721290377,-24.999998230487233,10.355337721290377,10.355337721290377,-24.999998230487233,-10.355337721290377,10.355337721290377,-24.999998230487233,-10.355337721290377,10.355337721290377,-24.999998230487233,-10.355337721290377,-10.355337721290377,-24.999998230487233,-2071.07120904502,-2071.07120904502,-5000.008493676309,2071.07120904502,-2071.07120904502,-5000.008493676309,2071.07120904502,-2071.07120904502,-5000.008493676309,2071.07120904502,2071.07120904502,-5000.008493676309,2071.07120904502,2071.07120904502,-5000.008493676309,-2071.07120904502,2071.07120904502,-5000.008493676309,-2071.07120904502,2071.07120904502,-5000.008493676309,-2071.07120904502,-2071.07120904502,-5000.008493676309,-10.355337721290377,-10.355337721290377,-24.999998230487233,-2071.07120904502,-2071.07120904502,-5000.008493676309,10.355337721290377,-10.355337721290377,-24.999998230487233,2071.07120904502,-2071.07120904502,-5000.008493676309,-10.355337721290377,10.355337721290377,-24.999998230487233,-2071.07120904502,2071.07120904502,-5000.008493676309,10.355337721290377,10.355337721290377,-24.999998230487233,2071.07120904502,2071.07120904502,-5000.008493676309,0,0,0,-10.355337721290377,-10.355337721290377,-24.999998230487233,0,0,0,10.355337721290377,-10.355337721290377,-24.999998230487233,0,0,0,-10.355337721290377,10.355337721290377,-24.999998230487233,0,0,0,10.355337721290377,10.355337721290377,-24.999998230487233,7.248736404903264,11.390871493419416,-24.999998230487233,-7.248736404903264,11.390871493419416,-24.999998230487233,-7.248736404903264,11.390871493419416,-24.999998230487233,0,20.710675442580754,-24.999998230487233,0,20.710675442580754,-24.999998230487233,7.248736404903264,11.390871493419416,-24.999998230487233,0,0,-24.999998230487233,0,0,-5000.008493676309,0,0,0,0,0,-24.999998230487233,-10.355337721290377,0,-24.999998230487233,10.355337721290377,0,-24.999998230487233,0,-10.355337721290377,-24.999998230487233,0,10.355337721290377,-24.999998230487233,-2071.07120904502,0,-5000.008493676309,2071.07120904502,0,-5000.008493676309,0,-2071.07120904502,-5000.008493676309,0,2071.07120904502,-5000.008493676309],"normals":[],"faces":[]}},{"uuid":"00927664-1765-47FC-9E2E-72B3F2823DB2","type":"PlaneBufferGeometry","width":50000,"height":50000}],"materials":[{"uuid":"E8526123-AF34-4A63-A795-F72864D1ADD1","type":"LineBasicMaterial","color":16777215,"vertexColors":1},{"uuid":"9DF73C52-777F-4D36-A8E2-66165E005E6E","type":"LineBasicMaterial","color":16777215,"vertexColors":1},{"uuid":"A6920028-E505-4E8F-AC3A-7EC765942FFD","type":"LineBasicMaterial","color":16777215,"vertexColors":1},{"uuid":"126E8E95-12F9-4F03-A9DB-49FE8DF5BD4C","type":"LineBasicMaterial","color":16777215,"vertexColors":1},{"uuid":"538BB7DD-9AFC-43AD-9765-CC7EC406A84B","type":"MeshPhongMaterial","color":16777215,"emissive":0,"specular":1118481,"shininess":0}],"object":{"uuid":"C3B86B52-24CE-480A-A8C7-66246A4A158B","type":"Stage","height":888,"width":934,"matrix":[1,0,0,0,0,1,0,0,0,0,1,0,0,0,0,1],"children":[{"uuid":"6E057DDA-34DD-4BB2-B9C6-566D0479F673","type":"AmbientLight","color":10855845,"matrix":[1,0,0,0,0,1,0,0,0,0,1,0,0,0,0,1]},{"uuid":"8B71A0EA-385F-4A73-895A-765410226379","type":"SpotLight","radius":1031,"color":16777215,"intensity":0.6,"distance":5000,"angle":1.0471975511965976,"exponent":10,"decay":1,"matrix":[-0.6427875757217407,3.5068987713771094e-9,-0.7660444378852844,0,0.40401482582092285,0.849614679813385,-0.3390086889266968,0,0.6508426070213318,-0.5274038910865784,-0.5461217761039734,0,-789.7918090820312,640,662.7140502929688,1]},{"uuid":"BDF738C1-4D29-4E46-9496-B575310B5105","type":"LineSegments","visible":false,"geometry":"7E1C22CA-CBE5-404F-8308-61C6ED70AABB","material":"E8526123-AF34-4A63-A795-F72864D1ADD1","matrix":[0.6427876353263855,7.431621540376909e-9,0.7660444378852844,0,0.40401479601860046,0.849614679813385,-0.3390086889266968,0,-0.6508426070213318,0.5274038910865784,0.5461218357086182,0,-789.7918090820312,640,662.7140502929688,1]},{"uuid":"BC08A3A3-81A9-4B58-A3B4-CFB6FDEA1A28","type":"LineSegments","visible":false,"geometry":"BFEC217D-0127-44EC-886B-298C1CFE75DC","material":"9DF73C52-777F-4D36-A8E2-66165E005E6E","matrix":[-0.7071067690849304,1.0544780160159917e-8,0.7071067690849304,0,0.40824830532073975,0.8164965510368347,0.40824830532073975,0,-0.5773502588272095,0.5773502588272095,-0.5773502588272095,0,-1000,1000,-1000,1]},{"uuid":"26069355-C067-41CE-B92D-702A227E3BDB","type":"LineSegments","visible":false,"geometry":"19A1BCEA-AE02-42A3-A27B-B4AF5023ECF1","material":"A6920028-E505-4E8F-AC3A-7EC765942FFD","matrix":[-0.7071067690849304,1.0544780160159917e-8,0.7071067690849304,0,0.40824830532073975,0.8164965510368347,0.40824830532073975,0,-0.5773502588272095,0.5773502588272095,-0.5773502588272095,0,-1000,1000,-1000,1]},{"uuid":"4D8C3B85-8162-4096-8F12-6F85D31F26E4","type":"LineSegments","visible":false,"geometry":"625F95AB-567B-427A-96E7-8203686F1DE1","material":"126E8E95-12F9-4F03-A9DB-49FE8DF5BD4C","matrix":[-0.7071067690849304,1.0544780160159917e-8,0.7071067690849304,0,0.40824830532073975,0.8164965510368347,0.40824830532073975,0,-0.5773502588272095,0.5773502588272095,-0.5773502588272095,0,-1000,1000,-1000,1]},{"uuid":"9C938D29-A040-42A6-86F4-882202C5A241","type":"Ground","height":50000,"width":50000,"depth":0.2,"segments":150,"folds":1,"shininess":0,"bumpScale":0.1,"stiffness":0.02,"heightScale":1,"widthScale":1,"frontImage":"images/textures/ground.png","textureRepeat":100,"geometry":"00927664-1765-47FC-9E2E-72B3F2823DB2","material":"538BB7DD-9AFC-43AD-9765-CC7EC406A84B","matrix":[1,0,0,0,0,2.220446049250313e-16,-1,0,0,1,2.220446049250313e-16,0,0,-1,0,1]},{"uuid":"097740D9-F772-4B9E-84FF-73278DD4A53D","type":"PaperStack","height":297,"width":210,"shininess":15,"bumpScale":1,"heightScale":1,"widthScale":1,"frontImage":"images/textures/A4-landscape-in.png","backImage":"images/textures/A4-landscape-out.png","matrix":[1,0,0,0,0,2.220446049250313e-16,-1,0,0,1,2.220446049250313e-16,0,0.9690464735031128,0,0,1],"children":[]},{"uuid":"FA2BB4F7-BAA6-4F5D-8CAE-3E6433ABAACE","type":"PaperStack","height":55,"width":85,"shininess":15,"bumpScale":1,"heightScale":1,"widthScale":1,"frontImage":"images/textures/A4-landscape-in.png","backImage":"images/textures/A4-landscape-out.png","matrix":[1,0,0,0,0,2.220446049250313e-16,-1,0,0,1,2.220446049250313e-16,0,-55.35157012939453,0,200.59291076660156,1],"children":[]},{"uuid":"D8AF2F4C-3826-462B-8BB6-C950E09A94C0","type":"PaperStack","height":55,"width":85,"shininess":15,"bumpScale":1,"heightScale":1,"widthScale":1,"frontImage":"images/textures/A4-landscape-in.png","backImage":"images/textures/A4-landscape-out.png","matrix":[-1,1.2246468525851679e-16,2.465190328815662e-32,0,0,2.220446049250313e-16,-1,0,-1.2246468525851679e-16,-1,-2.220446049250313e-16,0,63.292152404785156,10.98692512512207,200.40797424316406,1],"children":[]}]}}}