{"project":{"vr":false,"lightIntensity":0.6,"lightHeight":1000,"lightRadius":1000,"lightPosition":61,"shadowDarkness":0.55,"ambient":0.5},"camera":{"metadata":{"version":4.4,"type":"Object","generator":"Object3D.toJSON"},"object":{"uuid":"5A7E4C99-3666-49BF-8DEA-1D8704B79A3B","type":"PerspectiveCamera","matrix":[0.8874581456184387,-6.714645284233711e-9,-0.4608883261680603,0,-0.4145386219024658,0.43705660104751587,-0.7982100248336792,0,0.20143428444862366,0.8994340300559998,0.3878694176673889,0,133.157958984375,454.4930419921875,199.10755920410156,1],"zoom":1,"fov":35,"aspect":1.6963350785340314,"near":4,"far":10000},"controlsCenter":{"x":28.489640761957236,"y":-12.86656655783375,"z":-2.435305170164117}},"stage":{"metadata":{"version":4.3,"type":"Object","generator":"ObjectExporter"},"geometries":[{"uuid":"7E1C22CA-CBE5-404F-8308-61C6ED70AABB","type":"Geometry","data":{"vertices":[-10.355337721290377,-10.355337721290377,-24.999998230487233,10.355337721290377,-10.355337721290377,-24.999998230487233,10.355337721290377,-10.355337721290377,-24.999998230487233,10.355337721290377,10.355337721290377,-24.999998230487233,10.355337721290377,10.355337721290377,-24.999998230487233,-10.355337721290377,10.355337721290377,-24.999998230487233,-10.355337721290377,10.355337721290377,-24.999998230487233,-10.355337721290377,-10.355337721290377,-24.999998230487233,-2071.07120904502,-2071.07120904502,-5000.008493676309,2071.07120904502,-2071.07120904502,-5000.008493676309,2071.07120904502,-2071.07120904502,-5000.008493676309,2071.07120904502,2071.07120904502,-5000.008493676309,2071.07120904502,2071.07120904502,-5000.008493676309,-2071.07120904502,2071.07120904502,-5000.008493676309,-2071.07120904502,2071.07120904502,-5000.008493676309,-2071.07120904502,-2071.07120904502,-5000.008493676309,-10.355337721290377,-10.355337721290377,-24.999998230487233,-2071.07120904502,-2071.07120904502,-5000.008493676309,10.355337721290377,-10.355337721290377,-24.999998230487233,2071.07120904502,-2071.07120904502,-5000.008493676309,-10.355337721290377,10.355337721290377,-24.999998230487233,-2071.07120904502,2071.07120904502,-5000.008493676309,10.355337721290377,10.355337721290377,-24.999998230487233,2071.07120904502,2071.07120904502,-5000.008493676309,0,0,0,-10.355337721290377,-10.355337721290377,-24.999998230487233,0,0,0,10.355337721290377,-10.355337721290377,-24.999998230487233,0,0,0,-10.355337721290377,10.355337721290377,-24.999998230487233,0,0,0,10.355337721290377,10.355337721290377,-24.999998230487233,7.248736404903264,11.390871493419416,-24.999998230487233,-7.248736404903264,11.390871493419416,-24.999998230487233,-7.248736404903264,11.390871493419416,-24.999998230487233,0,20.710675442580754,-24.999998230487233,0,20.710675442580754,-24.999998230487233,7.248736404903264,11.390871493419416,-24.999998230487233,0,0,-24.999998230487233,0,0,-5000.008493676309,0,0,0,0,0,-24.999998230487233,-10.355337721290377,0,-24.999998230487233,10.355337721290377,0,-24.999998230487233,0,-10.355337721290377,-24.999998230487233,0,10.355337721290377,-24.999998230487233,-2071.07120904502,0,-5000.008493676309,2071.07120904502,0,-5000.008493676309,0,-2071.07120904502,-5000.008493676309,0,2071.07120904502,-5000.008493676309],"normals":[],"faces":[]}},{"uuid":"BFEC217D-0127-44EC-886B-298C1CFE75DC","type":"Geometry","data":{"vertices":[-10.355337721290377,-10.355337721290377,-24.999998230487233,10.355337721290377,-10.355337721290377,-24.999998230487233,10.355337721290377,-10.355337721290377,-24.999998230487233,10.355337721290377,10.355337721290377,-24.999998230487233,10.355337721290377,10.355337721290377,-24.999998230487233,-10.355337721290377,10.355337721290377,-24.999998230487233,-10.355337721290377,10.355337721290377,-24.999998230487233,-10.355337721290377,-10.355337721290377,-24.999998230487233,-2071.07120904502,-2071.07120904502,-5000.008493676309,2071.07120904502,-2071.07120904502,-5000.008493676309,2071.07120904502,-2071.07120904502,-5000.008493676309,2071.07120904502,2071.07120904502,-5000.008493676309,2071.07120904502,2071.07120904502,-5000.008493676309,-2071.07120904502,2071.07120904502,-5000.008493676309,-2071.07120904502,2071.07120904502,-5000.008493676309,-2071.07120904502,-2071.07120904502,-5000.008493676309,-10.355337721290377,-10.355337721290377,-24.999998230487233,-2071.07120904502,-2071.07120904502,-5000.008493676309,10.355337721290377,-10.355337721290377,-24.999998230487233,2071.07120904502,-2071.07120904502,-5000.008493676309,-10.355337721290377,10.355337721290377,-24.999998230487233,-2071.07120904502,2071.07120904502,-5000.008493676309,10.355337721290377,10.355337721290377,-24.999998230487233,2071.07120904502,2071.07120904502,-5000.008493676309,0,0,0,-10.355337721290377,-10.355337721290377,-24.999998230487233,0,0,0,10.355337721290377,-10.355337721290377,-24.999998230487233,0,0,0,-10.355337721290377,10.355337721290377,-24.999998230487233,0,0,0,10.355337721290377,10.355337721290377,-24.999998230487233,7.248736404903264,11.390871493419416,-24.999998230487233,-7.248736404903264,11.390871493419416,-24.999998230487233,-7.248736404903264,11.390871493419416,-24.999998230487233,0,20.710675442580754,-24.999998230487233,0,20.710675442580754,-24.999998230487233,7.248736404903264,11.390871493419416,-24.999998230487233,0,0,-24.999998230487233,0,0,-5000.008493676309,0,0,0,0,0,-24.999998230487233,-10.355337721290377,0,-24.999998230487233,10.355337721290377,0,-24.999998230487233,0,-10.355337721290377,-24.999998230487233,0,10.355337721290377,-24.999998230487233,-2071.07120904502,0,-5000.008493676309,2071.07120904502,0,-5000.008493676309,0,-2071.07120904502,-5000.008493676309,0,2071.07120904502,-5000.008493676309],"normals":[],"faces":[]}},{"uuid":"19A1BCEA-AE02-42A3-A27B-B4AF5023ECF1","type":"Geometry","data":{"vertices":[-10.355337721290377,-10.355337721290377,-24.999998230487233,10.355337721290377,-10.355337721290377,-24.999998230487233,10.355337721290377,-10.355337721290377,-24.999998230487233,10.355337721290377,10.355337721290377,-24.999998230487233,10.355337721290377,10.355337721290377,-24.999998230487233,-10.355337721290377,10.355337721290377,-24.999998230487233,-10.355337721290377,10.355337721290377,-24.999998230487233,-10.355337721290377,-10.355337721290377,-24.999998230487233,-2071.07120904502,-2071.07120904502,-5000.008493676309,2071.07120904502,-2071.07120904502,-5000.008493676309,2071.07120904502,-2071.07120904502,-5000.008493676309,2071.07120904502,2071.07120904502,-5000.008493676309,2071.07120904502,2071.07120904502,-5000.008493676309,-2071.07120904502,2071.07120904502,-5000.008493676309,-2071.07120904502,2071.07120904502,-5000.008493676309,-2071.07120904502,-2071.07120904502,-5000.008493676309,-10.355337721290377,-10.355337721290377,-24.999998230487233,-2071.07120904502,-2071.07120904502,-5000.008493676309,10.355337721290377,-10.355337721290377,-24.999998230487233,2071.07120904502,-2071.07120904502,-5000.008493676309,-10.355337721290377,10.355337721290377,-24.999998230487233,-2071.07120904502,2071.07120904502,-5000.008493676309,10.355337721290377,10.355337721290377,-24.999998230487233,2071.07120904502,2071.07120904502,-5000.008493676309,0,0,0,-10.355337721290377,-10.355337721290377,-24.999998230487233,0,0,0,10.355337721290377,-10.355337721290377,-24.999998230487233,0,0,0,-10.355337721290377,10.355337721290377,-24.999998230487233,0,0,0,10.355337721290377,10.355337721290377,-24.999998230487233,7.248736404903264,11.390871493419416,-24.999998230487233,-7.248736404903264,11.390871493419416,-24.999998230487233,-7.248736404903264,11.390871493419416,-24.999998230487233,0,20.710675442580754,-24.999998230487233,0,20.710675442580754,-24.999998230487233,7.248736404903264,11.390871493419416,-24.999998230487233,0,0,-24.999998230487233,0,0,-5000.008493676309,0,0,0,0,0,-24.999998230487233,-10.355337721290377,0,-24.999998230487233,10.355337721290377,0,-24.999998230487233,0,-10.355337721290377,-24.999998230487233,0,10.355337721290377,-24.999998230487233,-2071.07120904502,0,-5000.008493676309,2071.07120904502,0,-5000.008493676309,0,-2071.07120904502,-5000.008493676309,0,2071.07120904502,-5000.008493676309],"normals":[],"faces":[]}},{"uuid":"9972BBC8-7B69-44C0-9B23-AFFF8418F65C","type":"PlaneBufferGeometry","width":10000,"height":10000},{"uuid":"FD539996-3632-40FB-B3F9-7CFBA614BA69","type":"BoxGeometry","width":297,"height":210,"depth":0.2,"widthSegments":450,"heightSegments":1,"depthSegments":1}],"materials":[{"uuid":"E8526123-AF34-4A63-A795-F72864D1ADD1","type":"LineBasicMaterial","color":16777215,"vertexColors":1},{"uuid":"9DF73C52-777F-4D36-A8E2-66165E005E6E","type":"LineBasicMaterial","color":16777215,"vertexColors":1},{"uuid":"A6920028-E505-4E8F-AC3A-7EC765942FFD","type":"LineBasicMaterial","color":16777215,"vertexColors":1},{"uuid":"DCE5E2D9-10D4-465C-AB21-03D5A0AC5F58","type":"MeshPhongMaterial","color":16777215,"emissive":0,"specular":1118481,"shininess":15},{"uuid":"EAA7E9A7-5F23-4AF0-AE82-2677D7123E7B","type":"MultiMaterial","materials":[{"metadata":{"version":4.4,"type":"Material","generator":"Material.toJSON"},"uuid":"6C7AF419-9F2B-471B-BFDC-DA50C2BB0D08","type":"MeshPhongMaterial","color":16777215,"emissive":0,"specular":1118481,"shininess":15},{"metadata":{"version":4.4,"type":"Material","generator":"Material.toJSON"},"uuid":"6C7AF419-9F2B-471B-BFDC-DA50C2BB0D08","type":"MeshPhongMaterial","color":16777215,"emissive":0,"specular":1118481,"shininess":15},{"metadata":{"version":4.4,"type":"Material","generator":"Material.toJSON"},"uuid":"6C7AF419-9F2B-471B-BFDC-DA50C2BB0D08","type":"MeshPhongMaterial","color":16777215,"emissive":0,"specular":1118481,"shininess":15},{"metadata":{"version":4.4,"type":"Material","generator":"Material.toJSON"},"uuid":"6C7AF419-9F2B-471B-BFDC-DA50C2BB0D08","type":"MeshPhongMaterial","color":16777215,"emissive":0,"specular":1118481,"shininess":15},{"metadata":{"version":4.4,"type":"Material","generator":"Material.toJSON"},"uuid":"89C75401-8B6E-4E4D-A687-9FC4305CDF66","type":"MeshPhongMaterial","color":16777215,"emissive":0,"specular":1118481,"shininess":15},{"metadata":{"version":4.4,"type":"Material","generator":"Material.toJSON"},"uuid":"4F074258-31C4-47C9-96B2-03E3BEEA5F0D","type":"MeshPhongMaterial","color":16777215,"emissive":0,"specular":1118481,"shininess":15}],"visible":true}],"object":{"uuid":"752FB5AB-CD33-4D04-9F21-D1A3DFB66638","type":"Stage","height":888,"width":934,"matrix":[1,0,0,0,0,1,0,0,0,0,1,0,0,0,0,1],"children":[{"uuid":"6E057DDA-34DD-4BB2-B9C6-566D0479F673","type":"AmbientLight","color":8355711,"matrix":[1,0,0,0,0,1,0,0,0,0,1,0,0,0,0,1]},{"uuid":"8B71A0EA-385F-4A73-895A-765410226379","type":"SpotLight","radius":1000,"color":16777215,"intensity":0.6,"distance":5000,"angle":1.0471975511965976,"exponent":10,"decay":1,"matrix":[-0.8746196627616882,-8.751023017339321e-9,0.48480960726737976,0,-0.342812180519104,0.7071067690849304,-0.6184495091438293,0,-0.342812180519104,-0.7071067690849304,-0.6184495091438293,0,484.80963134765625,1000,874.6196899414062,1]},{"uuid":"BDF738C1-4D29-4E46-9496-B575310B5105","type":"LineSegments","visible":false,"geometry":"7E1C22CA-CBE5-404F-8308-61C6ED70AABB","material":"E8526123-AF34-4A63-A795-F72864D1ADD1","matrix":[0.874619722366333,2.578759650262441e-9,-0.48480963706970215,0,-0.342812180519104,0.7071067690849304,-0.6184495091438293,0,0.342812180519104,0.7071067690849304,0.6184495091438293,0,484.80963134765625,1000,874.6196899414062,1]},{"uuid":"BC08A3A3-81A9-4B58-A3B4-CFB6FDEA1A28","type":"LineSegments","visible":false,"geometry":"BFEC217D-0127-44EC-886B-298C1CFE75DC","material":"9DF73C52-777F-4D36-A8E2-66165E005E6E","matrix":[-0.7071067690849304,1.0544780160159917e-8,0.7071067690849304,0,0.40824830532073975,0.8164965510368347,0.40824830532073975,0,-0.5773502588272095,0.5773502588272095,-0.5773502588272095,0,-1000,1000,-1000,1]},{"uuid":"26069355-C067-41CE-B92D-702A227E3BDB","type":"LineSegments","visible":false,"geometry":"19A1BCEA-AE02-42A3-A27B-B4AF5023ECF1","material":"A6920028-E505-4E8F-AC3A-7EC765942FFD","matrix":[-0.7071067690849304,1.0544780160159917e-8,0.7071067690849304,0,0.40824830532073975,0.8164965510368347,0.40824830532073975,0,-0.5773502588272095,0.5773502588272095,-0.5773502588272095,0,-1000,1000,-1000,1]},{"uuid":"E40428AC-69C7-4749-80BB-14A7D1B7F0B0","type":"Ground","height":10000,"width":10000,"depth":0.2,"segments":150,"folds":1,"shininess":15,"bumpScale":0.1,"stiffness":0.02,"heightScale":1,"widthScale":1,"frontImage":"images/textures/ground.png","textureRepeat":20,"geometry":"9972BBC8-7B69-44C0-9B23-AFFF8418F65C","material":"DCE5E2D9-10D4-465C-AB21-03D5A0AC5F58","matrix":[1,0,0,0,0,2.220446049250313e-16,-1,0,0,1,2.220446049250313e-16,0,0,-1,0,1]},{"uuid":"52AD057E-4548-4C44-B117-94A19A8F94CE","type":"TriFold","subType":"menua4","height":210,"width":297,"depth":0.2,"segments":150,"folds":3,"angles":[0,1,0,0,1,0],"shininess":15,"bumpScale":0.4,"stiffness":0.04,"heightScale":1,"widthScale":1,"frontImage":"images/textures/trifold-in.png","backImage":"images/textures/trifold-out.png","frontBump":"images/textures/trifold-bump-in.png","cloneParent":"74E9B7DC-75BC-43DA-BE02-AF2C86961908","geometry":"FD539996-3632-40FB-B3F9-7CFBA614BA69","material":"EAA7E9A7-5F23-4AF0-AE82-2677D7123E7B","matrix":[-1,1.2246468525851679e-16,2.465190328815662e-32,0,0,2.220446049250313e-16,-1,0,-1.2246468525851679e-16,-1,-2.220446049250313e-16,0,0.39726561307907104,1.3005291223526,0.12787863612174988,1]}]}}}